30	41
| 1    | 29    | 24   | 0.0192 | 0.0575 | 0.0264 |
| 2    | 29    | 0    | 0.0452 | 0.1852 | 0.0204 |
| 3    | 24    | 1    | 0.0570 | 0.1737 | 0.0184 |
| 4    | 0     | 1    | 0.0132 | 0.0379 | 0.0042 |
| 5    | 24    | 25   | 0.0472 | 0.1983 | 0.0209 |
| 6    | 24    | 2    | 0.0581 | 0.1763 | 0.0187 |
| 7    | 1     | 2    | 0.0119 | 0.0414 | 0.0045 |
| 8    | 25    | 3    | 0.0460 | 0.1160 | 0.0102 |
| 9    | 2     | 3    | 0.0267 | 0.0820 | 0.0085 |
| 10   | 2     | 26   | 0.0120 | 0.0420 | 0.0045 |
| 11   | 4     | 27   | 0.0    | 0.208  | 0.0    |
| 12   | 4     | 5    | 0.0    | 0.11   | 0.0    |
| 13   | 6     | 28   | 0.0    | 0.14   | 0.0    |
| 14   | 6     | 7    | 0.1231 | 0.2559 | 0.0    |
| 15   | 6     | 8    | 0.0662 | 0.1304 | 0.0    |
| 16   | 6     | 9    | 0.0945 | 0.1987 | 0.0    |
| 17   | 7     | 8    | 0.2210 | 0.1997 | 0.0    |
| 18   | 9     | 10   | 0.0824 | 0.1932 | 0.0    |
| 19   | 8     | 11   | 0.107  | 0.2185 | 0.0    |
| 20   | 11    | 12   | 0.0639 | 0.1292 | 0.0    |
| 21   | 12    | 13   | 0.0340 | 0.0680 | 0.0    |
| 22   | 5     | 13   | 0.0936 | 0.209  | 0.0    |
| 23   | 5     | 10   | 0.0324 | 0.0845 | 0.0    |
| 24   | 5     | 14   | 0.0348 | 0.0749 | 0.0    |
| 25   | 5     | 15   | 0.0727 | 0.1499 | 0.0    |
| 26   | 14    | 15   | 0.0116 | 0.0236 | 0.0    |
| 27   | 8     | 16   | 0.1    | 0.2020 | 0.0    |
| 28   | 15    | 17   | 0.115  | 0.179  | 0.0    |
| 29   | 16    | 17   | 0.132  | 0.27   | 0.0    |
| 30   | 17    | 18   | 0.1885 | 0.3292 | 0.0    |
| 31   | 18    | 19   | 0.2554 | 0.38   | 0.0    |
| 32   | 18    | 20   | 0.1093 | 0.2087 | 0.0    |
| 33   | 20    | 22   | 0.2198 | 0.4153 | 0.0    |
| 34   | 20    | 23   | 0.3202 | 0.6027 | 0.0    |
| 35   | 22    | 23   | 0.2399 | 0.4533 | 0.0    |
| 36   | 26    | 21   | 0.0636 | 0.2    | 0.0214 |
| 37   | 2     | 21   | 0.0169 | 0.0599 | 0.0065 |
| 38   | 2     | 4    | 0.0    | 0.208  | 0.0    |
| 39   | 2     | 5    | 0.0    | 0.556  | 0.0    |
| 40   | 1     | 6    | 0.0    | 0.256  | 0.0    |
| 41   | 21    | 20   | 0.0    | 0.396  | 0.0    |
30	24
1.05 0
| 0    | 0.0    | 0.0     | 0.024 | 0.012 |
| 1    | 0.0    | 0.0     | 0.076 | 0.016 |
| 2    | 0.0    | 0.0     | 0.0   | 0.0   |
| 3    | 0.0    | 0.0     | 0.228 | 0.109 |
| 4    | 0      | 0       | 0     | 0     |
| 5    | 0      | 0       | 0.058 | 0.020 |
| 6    | 0      | 0       | 0.112 | 0.075 |
| 7    | 0      | 0       | 0.062 | 0.016 |
| 8    | 0      | 0       | 0.082 | 0.025 |
| 9    | 0      | 0       | 0.035 | 0.018 |
| 10   | 0      | 0       | 0.09  | 0.058 |
| 11   | 0      | 0       | 0.032 | 0.009 |
| 12   | 0      | 0       | 0.095 | 0.034 |
| 13   | 0      | 0       | 0.022 | 0.007 |
| 14   | 0      | 0       | 0.175 | 0.112 |
| 15   | 0      | 0       | 0     | 0     |
| 16   | 0      | 0       | 0.032 | 0.016 |
| 17   | 0      | 0       | 0.087 | 0.067 |
| 18   | 0      | 0       | 0     | 0     |
| 19   | 0      | 0       | 0.035 | 0.023 |
| 20   | 0      | 0       | 0     | 0     |
| 21   | 0      | 0       | 0     | 0     |
| 22   | 0      | 0       | 0.024 | 0.009 |
| 23   | 0      | 0       | 0.106 | 0.019 |
| 24   | 0.5756 | 1.0338  | 0.217 | 0.127 |
| 25   | 0.2456 | 1.0058  | 0.942 | 0.190 |
| 26   | 0.35   | 1.0230  | 0.3   | 0.3   |
| 27   | 0.1793 | 1.0913  | 0     | 0     |
| 28   | 0.1691 | 1.0883  | 0     | 0     |
